Intervalli bande:
 delta=[1,3]Hz
 theta=[4,7]Hz
 alpha=[8,12]Hz
 beta=[13,24]Hz
 low gamma=[30,45]Hz

Divisione dello scalpo:
 LFP=[18 19 21 22 23 25 26 32]
 RFP=[1 2 3 4 8 9 10 14]
 LF=[7 12 13 20 24 27 28 29 30 33 34 38]
 RF=[5 105 106 111 112 116 117 118 121 122 123 124]
 LT=[39 43 44 45 48 49 50 56 57 58 63 64]
 LP=[31 35 36 37 41 42 47 52 53 59 54 60 61 67]
 RP=[77 78 79 80 85 86 87 91 92 93 98 103 104 110]
 RT=[95 96 97 99 100 101 102 107 108 109 113 114 115 116 119 120]
 LO=[65 66 68 69 70 71 73 74]
 RO=[76 82 83 84 88 89 90 94]

Di seguito la matrice 5x10 contenente per ogni riga i 10 valori di potenza media per regione della banda i-esima:
 [0.534367663174186 0.557660391296371 0.526942884933594 0.435796917850533 0.462671516353675 0.482599262753459 0.426162367690166 0.477468717808638 0.439943668678226 0.427269001900232
0.341504843098414 0.319600556286418 0.332641911599836 0.389840725598562 0.374492017209997 0.351729324370073 0.387020672830387 0.355567543196426 0.389996339267829 0.412632496431721
0.0620610470255424 0.0645457965241423 0.0770621781868706 0.0991293082926491 0.0822320230753793 0.0916274981249608 0.101210900229642 0.0893020660761209 0.0835687049324145 0.0877795071667235
0.035430100599382 0.0326329122887076 0.0389389354619476 0.0438857141675924 0.0432019977931685 0.0437972388627852 0.0468485879787929 0.0432989041388493 0.0413781275722138 0.0404717693016865
0.0187824585105711 0.0180056665395081 0.0167374270614004 0.0210952108251862 0.0250527427687015 0.01959693058757 0.0240405024267459 0.0217551292233548 0.0336935505515857 0.0200345137397609]